$ANSIBLE_VAULT;1.1;AES256
63353132303135643538626166333331653933643431343365316134393736386533626234376565
6561636363643637336133623130383362306630653262340a643462346633383233313234343532
63316365313464333364393264363162633138623865623064653834663533393062623564663831
3030383566333235650a393831343965663161303263633664313161343462623532653766353137
62303831343737323136346633306537396238623035386462626437643936643738373238373665
34316664313862383932613332386363623938373230393032383434376565303363646162373037
63663265383333386362323039663265666239353930356534626132386230353533303766336434
32623336323636303838336635646161353361646262663961333837643638393662343939626165
37323037653766383363316335623533653961326163373834386265613236623066353239653938
66616266383436346331306232636434623162316230383937323835623937623532616438393432
37663862366464333135636538616135623663636331623765343330373362383038303861386263
31333133343437646132663436623333356164323265366538386639366461656163343365396339
63653831303633316537646536316664666239383633353562333733303433323038366430313131
64383065383636326139663262666436326636313339373238666532653334393231313061653161
65656463333839333533633734613538613839643065303735623533643036626264623838653662
65353333663963623162663161626635326361363762323036636365626130666638303663663939
65333731663734623733393536653666396235333136353534393638633935613163643539653238
62386230383033363238323232653861643431306164396637343230376265343762653538663235
61633066313934386262613463316430363863666365323633353032363130313238303863383334
30346130313964633665623363376365643066663062323966303461383139663534333065666362
36383266343864613238303430663836313837613539653761393239366661613664313063666439
36633136333033653835663530353639353433346565313335393762356236643738613035666537
64623063393333336630343830663735316636356363363435636461623666326137363165376433
34623437323137366133656630643465643766653862326566663737393939376337316131353933
31616631353334383837326165643839393239653932396662363632313362316331343533386566
6662636539313330336334613465376565306232303662613238
